      AA      AN      RR     AK0     ETA      T0      ES     AN1     ANU
   2.760     0.0    0.00  0.0031     1.0  1100.0 0.00067     0.0     0.3
   K2  TWO 
    2   0 
       S1        S2          K-BO òAÉOB
     0.000     0.000              1
    -0.500     0.000           1001
     2.000     0.000             13
     0.000     0.000              0
     0.000     0.000              0
     0.000     0.000              0
     0.000     0.000              0
     0.000     0.000              0
     0.000     0.000              0
     0.000     0.000              0
     0.000     0.000              0
     0.000     0.000              0
     0.000     0.000              0
     0.000     0.000              0
 CHàáì-CBEPXì CãEBA-CèPABA
